# retrain_kanji_b1 (plan_retrain § 2, 2026-09-28): batch 1 of 3 of retrain_kanji — the seed's 783
# kanji singles + the 158 kanji in the dialogue pool's top 1 000 glyphs with no seed row
# (緒 単 戻 among them: Qwen splits them into bytes, their row is the pack's `char` row —
# `qwen_pieces(char_rows=True)`), 941 in all, by dialogue_2_10 count (ties by codepoint),
# cut into 3 at equal steps (ink < 10 → 225 / row, ≥ 10 → 337.5; budget.py). Cold.
# glyph	count	ink	seed_row
人	1171	4.594	1
何	1107	9.469	1
大	793	5.859	1
見	750	8.656	1
気	722	8.859	1
今	701	5.922	1
日	654	7.172	1
言	638	7.859	1
行	637	7.25	1
私	629	8.984	1
子	609	5.391	1
一	592	1.578	1
事	563	10.391	1
出	522	8.359	1
思	516	10.266	1
来	501	8.938	1
生	484	7.453	1
前	426	10.516	1
手	391	6.859	1
本	388	7.641	1
女	366	7.219	1
俺	358	12.297	1
間	351	11.953	1
中	321	7.062	1
時	320	10.719	1
待	316	9.062	1
分	315	6.609	1
当	314	7.391	1
話	310	11.016	1
悪	301	11.812	1
帰	295	11.641	1
知	288	10.172	1
聞	287	12.688	1
入	278	4.594	1
好	271	8.547	1
先	268	8.266	1
上	263	4.188	1
自	261	7.984	1
方	254	6.484	1
学	252	8.125	1
合	249	7.328	1
死	247	9.203	0
食	244	9.656	1
夫	243	6.641	1
心	239	5.656	1
年	236	7.656	1
変	234	9.75	1
目	229	8.047	1
会	227	8.125	1
早	225	7.766	1
者	220	9.375	1
下	216	4.984	1
理	216	11.875	1
無	214	11.891	1
丈	208	6.5	1
父	208	6.109	0
様	207	11.734	1
家	205	9.891	1
太	204	6.578	0
勝	200	13.078	1
長	200	9.109	1
君	198	9.203	1
誰	195	12.141	0
体	194	9.703	1
物	194	11.078	1
後	191	10.859	1
持	191	9.656	1
母	189	9.469	1
最	188	11.906	1
度	182	10.484	1
部	180	10.266	1
全	177	7.656	1
小	173	5.484	0
男	171	9.312	1
二	167	2.766	1
月	167	6.188	1
力	164	6.016	1
動	164	12.922	1
名	162	7.844	0
考	162	8.453	1
不	160	6.047	1
実	159	9.094	1
魔	158	14.594	1
郎	157	11.25	0
逃	155	10.969	0
校	154	10.156	1
道	154	10.594	0
高	151	10.281	1
助	150	10.578	0
空	150	9.0	0
違	150	11.875	1
明	149	10.125	1
意	148	10.875	1
信	147	9.688	1
少	147	6.062	1
彼	143	10.672	1
水	143	7.297	1
使	142	10.781	1
兄	141	7.531	1
美	140	9.281	1
通	140	11.641	1
用	135	9.516	1
元	134	6.875	1
地	133	10.469	0
別	130	10.25	1
強	130	11.594	1
世	129	9.0	0
楽	128	10.453	1
次	128	7.516	1
仕	127	7.766	1
所	127	9.094	1
初	126	9.453	1
場	124	11.578	0
山	124	7.375	0
結	122	10.562	1
負	122	9.531	0
新	121	10.703	1
切	120	8.719	0
天	120	6.625	0
感	120	12.109	1
然	120	9.984	1
友	119	7.703	0
教	119	11.734	1
原	118	9.969	1
同	118	10.078	1
神	118	10.875	0
達	118	11.125	1
着	117	11.031	1
願	117	13.406	1
奴	114	9.703	0
白	113	7.562	0
田	111	8.922	0
味	109	10.25	1
野	108	11.594	0
十	107	4.156	1
外	107	8.312	1
愛	107	11.172	1
由	107	9.25	1
作	106	7.953	1
足	106	8.391	1
安	104	8.797	1
星	104	9.625	0
国	103	11.312	1
屋	103	10.781	0
金	103	8.938	1
立	102	6.016	0
落	101	10.984	1
失	100	7.469	0
開	100	12.234	1
形	99	9.016	0
終	99	10.484	1
近	98	8.984	1
我	97	10.328	1
決	95	9.109	1
命	93	9.219	0
森	93	10.906	0
王	93	6.156	1
面	93	11.547	1
泣	92	7.875	0
礼	92	7.312	0
士	91	5.234	1
情	91	11.188	1
的	91	10.453	1
解	90	11.828	1
娘	89	11.406	0
殺	89	11.094	0
忘	87	7.844	0
樹	87	12.734	0
笑	87	9.219	0
緒	87	12.312	0
良	87	8.766	1
香	87	10.328	1
直	86	9.984	1
買	86	10.969	1
起	86	11.219	1
残	85	11.203	0
親	85	12.469	0
配	85	12.203	0
歩	84	8.359	0
身	84	9.0	1
返	84	9.953	0
休	83	8.453	1
覚	83	10.562	1
夢	81	11.156	0
平	81	6.781	0
急	81	9.078	0
相	81	11.641	1
万	80	6.25	0
回	80	9.891	1
嫌	80	14.156	1
花	80	8.328	1
連	80	11.797	0
恋	79	10.016	0
正	79	7.281	0
法	79	9.062	1
口	78	6.266	1
番	78	11.75	1
性	77	9.234	1
真	77	9.969	1
幸	76	8.234	1
球	76	10.266	1
試	76	10.656	0
取	75	10.094	1
始	75	10.5	1
書	75	11.047	0
葉	75	11.797	0
遠	74	11.188	1
呼	73	9.797	1
業	73	11.172	1
確	73	12.422	1
木	72	7.281	0
止	72	6.641	1
千	71	5.219	1
電	71	12.0	1
他	70	9.953	1
代	70	7.891	1
以	70	7.453	0
青	70	9.422	0
三	69	4.0	1
付	69	7.984	1
機	69	14.578	0
現	69	11.453	0
界	69	9.062	1
約	69	9.875	0
久	68	5.812	1
寝	68	12.172	1
必	68	8.219	1
茶	68	9.203	0
離	68	14.594	1
頭	68	11.656	0
可	67	7.641	1
魚	67	9.641	0
内	66	7.922	1
成	66	9.516	1
追	66	10.062	1
飲	66	11.266	1
南	65	10.781	0
宙	65	9.734	1
海	65	11.141	1
走	65	8.375	0
怒	64	10.844	0
消	64	10.328	0
夜	63	9.734	1
引	63	7.453	1
打	63	7.406	1
朝	63	11.797	0
要	63	11.469	1
進	63	11.25	0
遊	62	11.75	1
主	61	6.422	1
売	61	8.891	1
景	61	10.438	0
痛	61	12.109	0
許	61	9.438	0
風	61	11.484	1
和	60	10.422	0
問	60	11.875	1
宇	60	6.953	0
店	60	8.516	0
飛	60	11.25	1
仲	59	9.422	0
客	59	9.594	1
第	59	11.328	1
習	59	10.453	0
重	59	11.625	1
五	58	6.953	1
局	58	9.719	0
数	58	11.859	1
迷	58	9.859	1
読	57	11.062	1
選	57	12.297	1
供	56	10.359	0
伝	55	8.422	1
危	55	8.891	0
婚	55	12.359	0
文	55	6.531	1
色	55	9.109	1
藤	55	13.375	0
記	55	9.578	1
喜	54	10.141	0
室	54	9.406	1
師	54	10.828	1
料	54	10.172	1
特	54	10.172	1
流	53	10.156	1
続	53	11.719	1
運	53	12.359	1
題	53	13.453	1
乗	52	10.938	1
声	52	7.969	1
多	52	7.906	1
定	52	8.516	1
春	52	10.547	1
社	52	7.859	1
若	52	8.734	1
調	52	12.453	1
似	51	9.438	0
放	51	10.031	1
村	51	9.109	0
束	51	9.5	0
素	51	10.641	1
島	50	10.469	0
能	50	11.375	1
談	50	10.734	0
赤	50	8.422	1
院	50	10.75	1
冷	49	8.375	1
恐	49	9.891	1
犬	49	6.453	0
練	49	13.734	1
貴	49	11.125	1
車	49	9.859	0
員	48	9.906	1
関	48	12.453	1
予	47	6.297	1
故	47	10.016	1
桃	47	11.438	1
込	47	7.703	1
化	46	7.25	1
向	46	8.094	1
困	46	10.625	1
守	46	6.969	1
完	46	8.281	1
想	46	11.703	1
火	46	6.469	1
羅	46	13.797	1
警	46	13.25	1
都	46	11.828	1
捨	45	10.719	0
