# retrain_kanji_b3 (plan_retrain § 2, 2026-09-28): batch 3 of 3 of retrain_kanji — the seed's 783
# kanji singles + the 158 kanji in the dialogue pool's top 1 000 glyphs with no seed row
# (緒 単 戻 among them: Qwen splits them into bytes, their row is the pack's `char` row —
# `qwen_pieces(char_rows=True)`), 941 in all, by dialogue_2_10 count (ties by codepoint),
# cut into 3 at equal steps (ink < 10 → 225 / row, ≥ 10 → 337.5; budget.py). Cold.
# glyph	count	ink	seed_row
胸	18	13.125	1
虫	18	8.656	1
識	18	13.781	0
責	18	10.672	0
量	18	12.188	1
除	18	11.109	1
館	18	12.406	1
互	17	7.078	0
借	17	10.594	0
健	17	13.281	0
像	17	12.047	0
再	17	9.906	1
堂	17	9.719	1
寿	17	9.594	1
屈	17	11.125	1
庸	17	12.844	1
朗	17	11.344	1
末	17	7.859	1
泉	17	9.609	1
津	17	10.562	1
準	17	10.562	0
照	17	11.266	1
等	17	9.953	1
老	17	8.766	1
耶	17	10.547	1
鏡	17	13.281	1
介	16	6.172	1
例	16	11.609	1
台	16	7.656	1
号	16	7.516	1
型	16	10.047	1
奇	16	8.453	1
妻	16	11.484	1
寮	16	11.562	1
導	16	11.922	1
帝	16	9.328	1
政	16	10.25	0
更	16	9.781	1
替	16	10.609	1
泳	16	9.391	1
狩	16	9.344	1
玄	16	7.781	1
甲	16	8.375	1
留	16	10.75	1
碧	16	11.5	1
荷	16	10.578	1
輪	16	14.25	1
途	16	10.125	0
七	15	4.875	1
九	15	6.094	1
亡	15	5.375	1
交	15	7.0	1
刑	15	10.703	0
功	15	7.828	0
匠	15	9.25	1
古	15	6.766	1
句	15	7.531	1
妖	15	9.734	0
妙	15	9.641	1
嬉	15	12.719	0
慣	15	13.047	1
振	15	12.0	1
支	15	7.172	0
杏	15	8.391	1
横	15	13.141	1
泊	15	9.016	1
演	15	11.188	1
禁	15	10.719	1
穴	15	6.156	1
端	15	11.875	1
級	15	12.328	1
肉	15	9.109	1
装	15	10.938	0
首	15	8.438	1
丘	14	6.812	1
側	14	12.25	1
働	14	14.297	0
充	14	7.719	0
占	14	6.609	1
婦	14	11.844	1
崎	14	12.406	1
市	14	7.516	1
府	14	9.984	0
悔	14	11.469	1
抱	14	10.5	1
掃	14	11.391	1
散	14	11.781	1
材	14	9.109	1
浅	14	10.359	1
滅	14	12.453	1
症	14	9.422	1
眼	14	12.484	1
督	14	10.797	1
細	14	12.219	1
絡	14	11.203	1
罪	14	10.719	1
羽	14	9.031	1
芸	14	8.625	1
論	14	12.609	1
類	14	12.094	1
鹿	14	12.031	1
停	13	9.766	1
卒	13	7.359	1
周	13	10.531	0
嘘	13	13.594	1
容	13	9.031	0
建	13	11.672	0
戻	13	9.719	0
払	13	8.781	1
折	13	8.734	1
改	13	9.578	1
映	13	11.281	1
梅	13	11.781	1
械	13	12.016	1
標	13	12.812	0
混	13	11.344	0
湯	13	11.344	1
激	13	12.906	1
牛	13	6.406	1
登	13	10.516	1
監	13	11.672	1
研	13	10.312	0
秋	13	10.219	1
純	13	11.188	1
編	13	14.203	1
跡	13	12.203	1
遺	13	12.891	1
骨	13	9.547	1
鼻	13	11.625	1
乳	12	9.062	1
低	12	9.938	0
刻	12	10.5	1
厳	12	12.688	0
唯	12	11.812	0
固	12	10.438	1
基	12	11.141	0
契	12	10.219	1
如	12	10.375	1
宅	12	7.656	1
差	12	9.469	1
幼	12	9.094	1
忍	12	9.188	1
握	12	13.047	0
撮	12	13.344	1
操	12	12.781	0
杠	12	7.484	1
椿	12	12.938	1
毒	12	11.062	1
氏	12	7.75	1
民	12	9.141	0
汚	12	8.094	1
沙	12	8.219	1
派	12	9.797	1
琴	12	10.094	1
療	12	12.766	0
盲	12	8.578	1
究	12	8.953	0
竹	12	7.891	1
紀	12	10.453	1
翼	12	13.594	1
臭	12	9.516	1
蘭	12	14.375	1
袋	12	10.797	1
護	12	13.609	1
趣	12	13.312	0
造	12	10.719	1
非	12	7.672	0
偶	11	12.078	0
創	11	12.344	1
卑	11	8.719	1
卵	11	10.391	1
否	11	8.047	0
噂	11	13.047	1
己	11	6.109	0
希	11	9.609	0
底	11	10.312	1
復	11	11.672	1
怯	11	9.156	1
恨	11	10.266	1
愚	11	12.0	1
担	11	9.922	0
拾	11	9.906	1
描	11	11.984	1
毛	11	7.703	1
浮	11	8.891	1
浴	11	9.781	1
涼	11	9.406	1
測	11	12.766	1
瞬	11	14.031	1
福	11	11.547	0
積	11	13.391	1
西	11	10.672	1
資	11	10.641	0
跳	11	13.125	1
避	11	12.469	0
銀	11	12.859	1
雲	11	11.109	1
順	11	13.203	1
並	10	9.5	1
企	10	8.141	0
剛	10	13.312	1
勘	10	12.594	1
叔	10	10.094	1
委	10	10.484	1
宮	10	8.781	1
快	10	8.781	1
慮	10	13.016	1
憎	10	12.766	1
札	10	8.5	1
江	10	6.922	1
為	10	8.828	1
爆	10	13.781	1
獄	10	12.016	1
矢	10	7.094	1
短	10	10.25	1
砂	10	9.562	1
策	10	11.125	1
緊	10	12.062	1
葬	10	11.016	1
裂	10	11.672	1
誕	10	12.312	1
誤	10	11.641	1
諸	10	12.141	1
辞	10	10.453	1
陣	10	12.016	1
麻	10	11.719	1
乙	9	6.016	1
儀	9	13.781	1
副	9	11.453	1
卓	9	7.938	1
墓	9	11.812	1
壁	9	11.984	1
射	9	10.438	1
岩	9	8.781	1
布	9	8.719	1
殴	9	10.953	1
汗	9	7.375	1
油	9	10.0	1
浪	9	10.547	1
熟	9	11.766	1
狙	9	10.703	1
珍	9	9.109	1
祭	9	10.203	1
秒	9	10.031	1
給	9	10.469	1
績	9	13.594	1
腰	9	14.125	1
興	9	13.016	1
舟	9	8.516	1
襲	9	15.109	1
講	9	14.203	1
貧	9	10.766	1
貨	9	10.531	1
贈	9	13.406	1
適	9	12.5	1
陰	9	11.656	1
乾	8	10.5	1
亭	8	8.625	1
僧	8	11.797	1
勤	8	12.375	1
医	8	9.859	1
即	8	10.469	1
吐	8	7.453	1
損	8	11.984	1
曹	8	12.062	1
杷	8	11.234	1
桂	8	9.922	1
池	8	10.094	1
河	8	8.453	1
溺	8	12.312	1
璧	8	12.734	1
疑	8	12.125	1
盗	8	10.672	1
章	8	9.75	1
箱	8	11.578	1
節	8	11.766	1
荒	8	9.391	1
華	8	11.031	1
躍	8	14.156	1
載	8	13.094	1
辛	8	7.234	1
逢	8	11.391	1
陽	8	12.328	1
養	8	12.609	1
午	7	5.828	1
塔	7	11.109	1
奈	7	8.5	1
季	7	9.516	1
忠	7	8.703	1
慢	7	12.156	1
拳	7	10.578	1
橋	7	13.562	1
祈	7	8.781	1
評	7	10.172	1
誓	7	11.938	1
貫	7	11.328	1
踏	7	12.844	1
尻	5	8.891	1
妊	3	9.688	1
奮	2	13.281	1
濃	2	13.406	1
液	1	11.422	1
濡	1	13.031	1
勃	0	10.297	1
孕	0	7.953	1
