# retrain_kanji_b2 (plan_retrain § 2, 2026-09-28): batch 2 of 3 of retrain_kanji — the seed's 783
# kanji singles + the 158 kanji in the dialogue pool's top 1 000 glyphs with no seed row
# (緒 単 戻 among them: Qwen splits them into bytes, their row is the pack's `char` row —
# `qwen_pieces(char_rows=True)`), 941 in all, by dialogue_2_10 count (ties by codepoint),
# cut into 3 at equal steps (ink < 10 → 225 / row, ≥ 10 → 337.5; budget.py). Cold.
# glyph	count	ink	seed_row
昔	45	8.641	1
石	45	6.844	1
萌	45	11.453	1
勉	44	12.203	1
服	44	12.297	1
期	44	11.266	1
格	44	10.516	1
城	43	11.672	1
芹	43	7.922	1
邪	43	10.375	1
集	43	11.641	1
音	43	8.656	1
光	42	7.672	1
四	42	9.359	1
報	42	12.312	1
弱	42	10.922	1
念	42	8.547	1
望	42	10.844	1
殿	42	12.688	1
甘	42	7.844	1
苦	42	8.859	1
馬	42	9.688	1
宝	41	8.172	1
敵	41	12.75	1
突	41	9.266	1
谷	41	7.828	1
任	40	8.625	1
優	40	13.906	1
博	40	11.703	0
張	40	11.375	1
怖	40	10.641	1
眠	40	12.281	1
船	40	11.719	1
計	40	8.594	1
速	40	11.219	1
限	40	11.734	1
静	40	12.312	1
園	39	13.422	1
坊	39	9.109	1
未	39	7.859	1
武	39	9.469	1
答	39	9.469	1
過	39	11.438	0
利	38	10.516	1
将	38	9.656	1
怪	38	10.359	1
息	38	9.672	1
探	38	11.562	1
欲	38	10.297	1
軍	38	10.641	1
倒	37	11.953	1
受	37	9.297	1
器	37	12.312	1
座	37	10.594	1
断	37	12.047	1
東	37	10.422	1
治	37	9.031	1
疲	37	11.375	1
降	37	11.594	1
奥	36	11.156	1
川	36	6.109	1
式	36	7.719	1
役	36	9.422	1
育	36	9.266	1
英	36	9.375	1
葵	36	10.812	1
円	35	8.25	1
写	35	7.812	1
吉	35	7.312	1
告	35	7.906	1
官	35	8.859	1
影	35	10.922	1
御	35	12.859	1
指	35	11.078	1
昨	35	9.297	0
状	35	9.047	1
科	35	8.641	1
義	35	12.328	1
血	35	9.938	1
質	35	11.391	1
難	35	13.422	1
件	34	8.766	0
係	34	9.969	1
歳	34	11.812	1
深	34	10.281	1
犯	34	10.062	1
皆	34	9.766	1
退	34	10.016	1
雨	34	10.766	1
余	33	8.375	1
保	33	10.625	1
刀	33	6.047	1
半	33	6.859	1
参	33	9.469	1
婆	33	11.781	1
悟	33	10.328	1
旅	33	10.984	1
族	33	11.219	1
渡	33	11.547	1
術	33	11.469	1
在	32	7.734	0
夏	32	11.203	1
弁	32	7.688	1
惑	32	11.594	0
曜	32	14.281	1
置	32	12.547	1
草	32	9.359	1
語	32	11.031	1
議	32	13.953	1
鐵	32	15.0	1
仁	31	5.312	1
加	31	10.047	1
商	31	11.531	1
存	31	8.203	1
密	31	10.094	1
悲	31	10.25	1
歌	31	11.547	1
点	31	7.812	1
猫	31	12.109	1
病	31	10.469	1
納	31	11.812	1
送	31	9.359	1
冗	30	6.75	1
条	30	9.719	0
秘	30	11.766	0
街	30	10.375	1
週	30	12.016	1
鳥	30	10.125	1
井	29	7.5	1
修	29	11.312	1
傷	29	12.234	1
右	29	7.031	1
品	29	9.656	1
姿	29	10.188	1
常	29	10.016	1
弟	29	9.266	1
徹	29	13.172	1
態	29	12.359	1
抜	29	10.688	1
授	29	10.766	1
申	29	7.609	1
程	29	11.125	1
紙	29	11.266	1
腹	29	13.125	1
裏	29	12.422	1
隊	29	11.828	1
兵	28	7.25	1
席	28	10.484	1
徒	28	10.531	1
永	28	7.422	0
活	28	9.094	1
盛	28	12.031	1
腕	28	13.328	1
階	28	12.016	1
位	27	8.375	1
住	27	8.75	1
冬	27	7.297	1
夕	27	5.656	1
寒	27	10.609	1
察	27	10.797	0
居	27	10.047	1
曲	27	10.594	1
構	27	13.312	1
浩	27	9.812	1
清	27	10.891	1
焼	27	12.109	1
画	27	12.969	1
佐	26	9.078	1
判	26	10.0	1
技	26	9.484	1
段	26	10.141	1
源	26	11.25	1
玉	26	6.25	1
視	26	11.656	1
認	26	11.125	0
課	26	12.938	1
門	26	9.203	1
鬼	26	10.859	1
麗	26	14.391	1
共	25	7.75	1
哲	25	9.422	1
得	25	10.766	1
才	25	5.922	0
松	25	9.062	1
果	25	10.719	1
熱	25	11.844	1
産	25	10.172	1
町	25	9.672	1
舞	25	13.047	1
謝	25	13.844	1
路	25	11.938	1
龍	25	13.531	1
京	24	8.188	1
便	24	12.016	1
備	24	13.203	1
公	24	6.172	1
六	24	4.859	1
務	24	11.906	1
匹	24	8.391	1
坂	24	9.844	1
工	24	4.781	1
左	24	6.938	1
普	24	9.766	0
桐	24	11.906	1
極	24	13.188	1
波	24	10.469	1
温	24	11.797	1
衛	24	12.25	1
角	24	8.969	1
飯	24	11.906	1
驚	24	14.391	1
乱	23	9.5	1
協	23	11.453	1
去	23	7.5	0
庭	23	11.281	1
忙	23	8.234	1
晴	23	12.234	1
暑	23	11.984	1
背	23	9.516	1
超	23	11.516	1
酒	23	12.344	1
陸	23	11.188	1
之	22	5.719	1
八	22	4.547	1
制	22	11.641	1
反	22	7.75	0
増	22	11.375	1
寄	22	9.781	1
押	22	10.0	1
捕	22	12.078	1
敗	22	11.328	1
有	22	8.516	1
根	22	11.812	1
案	22	11.156	1
浦	22	11.266	1
減	22	12.047	1
異	22	10.766	1
百	22	7.938	1
瞳	22	14.469	1
貸	22	11.141	1
輩	22	12.516	1
逆	22	10.344	1
陛	22	11.094	0
丸	21	7.141	1
了	21	3.984	1
勇	21	10.859	1
勢	21	11.844	1
北	21	8.156	1
彬	21	10.953	1
悩	21	10.938	1
暮	21	12.0	1
槽	21	14.016	1
移	21	10.5	1
閉	21	11.531	1
令	20	7.016	0
個	20	12.469	1
印	20	8.938	1
土	20	5.203	1
届	20	10.453	1
昼	20	10.141	1
暗	20	12.156	1
暴	20	11.719	1
洗	20	9.656	1
種	20	13.609	1
聖	20	11.562	1
職	20	14.969	1
裕	20	10.781	1
際	20	11.953	1
乃	19	6.328	1
伊	19	8.984	1
単	19	9.594	0
吹	19	9.375	1
嫁	19	11.812	1
宿	19	10.453	1
燃	19	12.078	1
片	19	6.297	1
破	19	11.469	1
簡	19	12.734	0
精	19	12.875	1
線	19	13.25	1
脱	19	12.219	1
表	19	9.812	1
補	19	12.234	1
触	19	12.766	1
越	19	13.016	1
雁	19	12.188	1
雪	19	9.516	1
魂	19	12.125	1
具	18	8.062	1
司	18	8.031	1
因	18	9.547	0
妹	18	10.859	1
寺	18	7.438	1
封	18	9.094	1
志	18	7.828	1
憶	18	12.5	1
投	18	10.109	1
接	18	11.766	0
救	18	11.031	1
求	18	8.391	0
況	18	9.047	1
注	18	7.734	1
独	18	11.219	1
秀	18	9.5	1
組	18	12.016	1
翌	18	10.172	1
耳	18	8.406	1
